1 0.0009168692871752568 0.7064030924894755 0.7078091355168278 -0.0002407300081395174 -0.0428206598070802 -0.45748280282628284 0.45756011510784655 1 image_0000.png

2 0.0009541359634514631 0.7064384599385186 0.7077737711963252 -0.00028416683268136275 -0.04853387767039698 -0.45826510410374915 0.4576490078582245 1 image_0001.png

3 0.0008672637277462022 0.7064385024445563 0.7077738559051693 -0.00024292930600070846 -0.05423188530893928 -0.45909462394449296 0.4577198673191891 1 image_0002.png

4 0.0009035303449653792 0.7064030925139738 0.7078091354320095 -0.00028691218386234143 -0.05999730746980538 -0.4597063636465432 0.45779067497292913 1 image_0003.png

5 0.0009285949614375606 0.7064031128401911 0.7078090923173518 -0.0002621335006591519 -0.06585349978833734 -0.4602941960898783 0.4578146792214528 1 image_0004.png

6 0.0008845705742668208 0.7064385210134283 0.7077738145023842 -0.0002471194122524544 -0.07172757899388238 -0.46078592417660447 0.4578819389016289 1 image_0005.png

7 0.0009192362887496912 0.7064385024290007 0.7077737712195143 -0.00029336704462928236 -0.07761395928946029 -0.46112130009489083 0.4579256994888658 1 image_0006.png

8 0.0008373361728937342 0.7064031482789904 0.7078091769772683 -0.0002448600136823613 -0.08352498512215768 -0.46149339806376644 0.45794942103959607 1 image_0007.png

9 0.0008709633050032896 0.7064031314646381 0.7078091354620727 -0.0002916098549231957 -0.08948545567943282 -0.4616394629207025 0.4579749566016961 1 image_0008.png

10 0.000861907639404503 0.7064385528748407 0.7077738145534045 -0.0002357113597126655 -0.09557022252589797 -0.4617559961184086 0.4579526622117449 1 image_0009.png

11 0.0008578233777819298 0.706438552882342 0.7077738145267547 -0.00025022150531109696 -0.1015955861223462 -0.4617627802793204 0.45797352548912046 1 image_0010.png

12 0.0008173258345217148 0.7064031765999981 0.7078091770323973 -0.00023016653267651446 -0.10765296655219644 -0.4616893196476888 0.4579459033542478 1 image_0011.png

13 0.000848908258954559 0.7064031633249326 0.7078091355167686 -0.0002790668400068876 -0.11374241635035459 -0.46144086230608106 0.45793501911011675 1 image_0012.png

14 0.0008091127783197026 0.7064385661909361 0.7077738559382644 -0.0002576526484251432 -0.11989653294177074 -0.4611932078705179 0.4579016488941881 1 image_0013.png

15 0.0008409915784381278 0.706438577661981 0.7077738145745912 -0.00023691056152172515 -0.1261001828834551 -0.46075568380903253 0.45785902919279975 1 image_0014.png

16 0.0008031412354510924 0.7064031978392421 0.7078091770828219 -0.00021420547745832778 -0.1322739146097311 -0.46031495578587434 0.4578064669133337 1 image_0015.png

17 0.0007994287989624615 0.7064031978460604 0.7078091770579911 -0.00022772559028573993 -0.13846781633186087 -0.4596706772680084 0.4577587978782169 1 image_0016.png

18 0.0007954764835364573 0.7064385874291742 0.7077738559884935 -0.00024122067961072075 -0.1447220287440676 -0.45894744926844394 0.45767494335775233 1 image_0017.png

19 0.0007594878363016145 0.7064385954127747 0.7077738956871239 -0.00021604010034606273 -0.15096237282055502 -0.4581480428257208 0.4576208494295095 1 image_0018.png

20 0.0007948402692397685 0.7064032119966158 0.7078091771272197 -0.00019769749244519694 -0.1572789061246928 -0.4572204923240652 0.45750471388929564 1 image_0019.png

21 -0.003350034255802959 0.7069873477097616 0.7071699437576756 -0.008266685827320526 -0.1535613140470876 -0.454448301887684 0.45924200166862467 1 image_0020.png

22 -0.00940910414422791 0.7075988732929108 0.7062943175997363 -0.01906935237832992 -0.14603845141083371 -0.45145596824568274 0.46136794938979775 1 image_0021.png

23 -0.015801318920519038 0.7080191548792858 0.7053923706536066 -0.0296782423347305 -0.1384358026513341 -0.44881904283320173 0.4631777667721508 1 image_0022.png

24 -0.022465978415065858 0.7082086528897841 0.704501733758318 -0.04016330311883156 -0.1307493349710379 -0.4464249655941836 0.4646855207103946 1 image_0023.png

25 -0.029512312229692382 0.7082806359634275 0.7035142389088674 -0.050351562027178574 -0.12307244198096545 -0.4444877428641874 0.46586192068573257 1 image_0024.png

26 -0.03687563141238265 0.7080912492654821 0.7025733063516025 -0.06031351195017927 -0.1153340316476347 -0.4429217319984035 0.46672187431123446 1 image_0025.png

27 -0.04449251440131273 0.7077384074825658 0.7015762426087669 -0.07012516340982868 -0.10755820269143287 -0.44159894073650363 0.4672787236296938 1 image_0026.png

28 -0.052467011385307315 0.7072016130778926 0.7005538817161377 -0.07960747445292064 -0.0998164284113605 -0.4407420326521762 0.4675064621512237 1 image_0027.png

29 -0.06074173123163896 0.7064395275640036 0.699544643978806 -0.08883089025049884 -0.09209993056172948 -0.4402357898313733 0.4674192837735041 1 image_0028.png

30 -0.06923278723703177 0.7055225381921549 0.6984826115161861 -0.09781007455175555 -0.08447031665661404 -0.4400048521287815 0.4670043704140995 1 image_0029.png

31 -0.07805411972202188 0.7043748811327539 0.6974336308027622 -0.10653596504896973 -0.07683159440723106 -0.4401344554671315 0.4663161487628099 1 image_0030.png

32 -0.0871737856151329 0.7031134376295428 0.6962919529996685 -0.11493363787073599 -0.06932398314232574 -0.4406483094908206 0.4652913937016869 1 image_0031.png

33 -0.0965296743185431 0.7016211718542689 0.6951688076351251 -0.12308566964905679 -0.061859730508130456 -0.4414495072654566 0.4639429172014285 1 image_0032.png

34 -0.10617134249337278 0.6999128520245074 0.6940593029782317 -0.13088670502937383 -0.05451746449025885 -0.4426328325114181 0.4622996706525065 1 image_0033.png

35 -0.11603220707191712 0.6980433700385835 0.6928998395773937 -0.1384261275222968 -0.04727088528384052 -0.44408495570189765 0.4603732248600312 1 image_0034.png

36 -0.12613934137595295 0.6959513439587741 0.6917581827209077 -0.145640688126238 -0.040173728629155636 -0.44584710571845504 0.4581049140680497 1 image_0035.png

37 -0.13646907287884136 0.6937067174230901 0.6905652956962137 -0.15253443784821663 -0.03324091925973968 -0.44795348705042387 0.45554581574731096 1 image_0036.png

38 -0.1470265568593877 0.6913100731247555 0.6893221839775476 -0.1590864577855152 -0.026499368765032366 -0.4503123818831749 0.45267559189545997 1 image_0037.png

39 -0.1577488661486775 0.688669620552597 0.6881369402140786 -0.1652785541731129 -0.01994219136084377 -0.4529450780614655 0.4495554990698265 1 image_0038.png

40 -0.16872646981106143 0.6858797616233583 0.6868948223628959 -0.17110182346085 -0.013559294901039604 -0.4559271587560054 0.446109285964146 1 image_0039.png

41 -0.14752451782420684 0.6860556577294395 0.6891425423376204 -0.18068399895564227 -0.004329082696630349 -0.4452416829957804 0.45048382732874437 1 image_0040.png

42 -0.11395205572397164 0.6864997141433744 0.6930063422915124 -0.1883488280321526 0.0035365372160415243 -0.42965461829999607 0.4570019987775117 1 image_0041.png

43 -0.08012527519103546 0.6868565445941248 0.6963698536630941 -0.19203399264979354 0.008625579968536967 -0.41485289814265097 0.4625462308354761 1 image_0042.png

44 -0.04638654772407787 0.6870218529063952 0.6992745072353331 -0.19200110767932416 0.01134334284213298 -0.4009802090766334 0.4670805658705221 1 image_0043.png

45 -0.013175005007494984 0.6871114649157055 0.701646991366015 -0.18813759202101266 0.011754052001781756 -0.38853333842179644 0.47058679316701213 1 image_0044.png

46 0.019255424748388657 0.6870848762679986 0.7035198863904536 -0.18056403538554225 0.010151581393963868 -0.37759315606537736 0.47305492704916857 1 image_0045.png

47 0.050356277677615434 0.6869467123522012 0.7048952062704503 -0.1693847923040796 0.006881433951375603 -0.368596207609655 0.47446352957097326 1 image_0046.png

48 0.07990604701177494 0.6866581540164403 0.7058033005442935 -0.15478147212915494 0.00225803393491426 -0.3615344435426743 0.4748041424252807 1 image_0047.png

49 0.10749877793167908 0.6863188621057101 0.706176682088761 -0.13683905120698409 -0.003481859853374805 -0.35671371471712926 0.4740833215513476 1 image_0048.png

50 0.13284611124849452 0.685831207309834 0.7060842387337845 -0.1158987213812993 -0.0098259414637828 -0.3541560610869098 0.4722406877046042 1 image_0049.png

51 0.15560360296625128 0.6853005015535786 0.7054583151831062 -0.09208315184303785 -0.0165716466734813 -0.3539507005725448 0.46934496598114617 1 image_0050.png

52 0.1755479996879067 0.6846677924199276 0.7043340812547819 -0.06577549552363547 -0.023202661524048648 -0.3560547536967618 0.4653286712108182 1 image_0051.png

53 0.19239667696661722 0.6839523002803714 0.702713202105311 -0.037241444927556634 -0.029491227732908985 -0.3603994844781968 0.46024684326877485 1 image_0052.png

54 0.20590399552384583 0.6831697703351923 0.7005978466733714 -0.006728057974766912 -0.035080052049008825 -0.3670153157659142 0.4540964624727264 1 image_0053.png

55 0.2159489911264549 0.6822667971939032 0.6980239685287613 0.025309880236754474 -0.03953475609694569 -0.37565800689082046 0.44685039338196464 1 image_0054.png

56 0.22229986833695095 0.6813342844917796 0.6949368314117791 0.05855904422721961 -0.04266169829945868 -0.3861833065004847 0.43859312078110496 1 image_0055.png

57 0.22488356852491012 0.6803063938529312 0.6913876054664657 0.09270258948739893 -0.04415760192168619 -0.39842254132986993 0.42923242748580454 1 image_0056.png

58 0.2236710561341725 0.6792439664735457 0.6873208219976218 0.12723592380150414 -0.043789801921736635 -0.41202355093923604 0.418902165318782 1 image_0057.png

59 0.21855645205799298 0.6781260765653889 0.6827746363228698 0.16185455674780136 -0.04133775302947473 -0.4267481032195902 0.40754484807777935 1 image_0058.png

60 0.20950656175381874 0.6769629985336223 0.6777534851291833 0.19615889628998792 -0.03663044495126999 -0.44241319476817476 0.3951962038004716 1 image_0059.png

61 0.1939267913928384 0.6782985641729716 0.6796535698561443 0.20093402500015453 -0.03622932973362447 -0.446285388020563 0.389383144851598 1 image_0060.png

62 0.17645638598516397 0.681110833302571 0.6831954775736955 0.1954357081645575 -0.03783124375206143 -0.44569215816091556 0.3860038909532086 1 image_0061.png

63 0.15880302927985843 0.683669034029192 0.6864138909803201 0.1903003417505842 -0.03927522975778064 -0.4451178249175471 0.3823204065365654 1 image_0062.png

64 0.14098061827798403 0.6859009725909515 0.6893775486767979 0.1855341382309824 -0.040536027117730994 -0.4445689667269814 0.37832873979723314 1 image_0063.png

65 0.12300325666038128 0.6879411052840209 0.6919497784582614 0.18114286793330558 -0.04167655463134054 -0.444030305095519 0.37398957068696553 1 image_0064.png

66 0.10489409569629625 0.6896830282827623 0.6942339046194649 0.17712660687651152 -0.04270279574832361 -0.4435153913471578 0.3693713609585381 1 image_0065.png

67 0.08660087094818414 0.6911908842449284 0.6961711057298592 0.17349709575262381 -0.043596483292802884 -0.44302994844524396 0.3644390692731454 1 image_0066.png

68 0.06823630505000605 0.692396168625782 0.6978115979522258 0.17026545776763252 -0.04435644181414247 -0.4425579295485087 0.3591834092868985 1 image_0067.png

69 0.04978366513362858 0.6933643128221664 0.6990973261332616 0.1674229523805856 -0.04503427050474129 -0.44209172107476735 0.3535703907997456 1 image_0068.png

70 0.03125743372827269 0.6940229069158609 0.7000986786376254 0.1649758093862 -0.04563408021013231 -0.4416432456542917 0.3476711589705106 1 image_0069.png

71 0.012656034067395449 0.6944394487739969 0.7007475601861246 0.1629310703375688 -0.04615019615091945 -0.44120581278777643 0.3414488850444108 1 image_0070.png

72 -0.006054389838021306 0.6945359064191258 0.7011205609696672 0.16128601316863087 -0.04654532391990064 -0.4407935580340631 0.3349034014031087 1 image_0071.png

73 -0.024735886898740962 0.6943557332622713 0.7011723129545683 0.16004886482286362 -0.046907110517990735 -0.4403643241642641 0.32799763278633115 1 image_0072.png

74 -0.043446624724540084 0.6939269379093151 0.7008763216188376 0.1592173905008306 -0.04722522306706693 -0.4399394802290894 0.3208060630977123 1 image_0073.png

75 -0.062163218894071635 0.6932124815953123 0.700269228667414 0.1587929373704672 -0.04749411900154555 -0.43951055148866564 0.31329343790477227 1 image_0074.png

76 -0.08087031592503856 0.6921405727227972 0.6994223206426504 0.15877605921546314 -0.04768784820247574 -0.4390792729301013 0.30546146381390793 1 image_0075.png

77 -0.09955254486645042 0.6908494891299155 0.6981992539012943 0.1591668182481007 -0.0478693576962089 -0.4386231565739154 0.29727548318703134 1 image_0076.png

78 -0.11824353521874144 0.689257763819627 0.6966731106491869 0.15996492831782574 -0.04802606108503744 -0.43816247731429336 0.28880801578624243 1 image_0077.png

79 -0.1368297960393813 0.6873829352409973 0.6948429074035927 0.16116960410143977 -0.04817545596954515 -0.4376656739604211 0.28003236452889946 1 image_0078.png

80 -0.15534152452042413 0.6851340231903874 0.6927824417093708 0.16282772947451654 -0.0483089306254903 -0.43717036506140816 0.2709218504581892 1 image_0079.png

81 -0.15164425972841092 0.686477181840426 0.6928168104953427 0.16049287958943587 -0.050214221321046734 -0.43658661086839323 0.27762112090914876 1 image_0080.png

82 -0.14000285242652485 0.689227995398449 0.69354167816238 0.15608943693658997 -0.05243061776768441 -0.435973249721562 0.2900521788666046 1 image_0081.png

83 -0.1286585102926062 0.6917942090782002 0.6942768715470952 0.15115351682952363 -0.05422721783268036 -0.43538104240417164 0.3022262075506581 1 image_0082.png

84 -0.11762574240771376 0.694165535518293 0.6950223130112868 0.1457476532849725 -0.05562972486478756 -0.4348949135573406 0.31409353515599425 1 image_0083.png

85 -0.10694143041139602 0.6963603464136607 0.6957762510747746 0.13978986674485036 -0.05662394234624497 -0.43444357037806286 0.3257058728186713 1 image_0084.png

86 -0.09657145460743118 0.698376127939992 0.6965388453525931 0.13333557287320222 -0.05725917438476458 -0.43406681490436017 0.3369903832776545 1 image_0085.png

87 -0.08657366868306783 0.7001950756196225 0.697309650687329 0.12645594895891987 -0.057561232437333965 -0.4338906208091047 0.3479611588045812 1 image_0086.png

88 -0.0770920562681591 0.7018530508707784 0.6980517181438377 0.11909201753334969 -0.05744393640047989 -0.4339218748501529 0.3586051679960935 1 image_0087.png

89 -0.06797806528834281 0.7032943704670421 0.6988355383419357 0.11128747215817889 -0.05703620468376265 -0.4341140261567107 0.3689174286969612 1 image_0088.png

90 -0.05930455072536798 0.7045456121511339 0.6996252656708375 0.1030676394260408 -0.05633248724789244 -0.4345356535670317 0.37887038250987304 1 image_0089.png

91 -0.051025492501843295 0.7056062068159282 0.70042064802949 0.09448383899763456 -0.05541267583174292 -0.43521935116056265 0.38843274731597444 1 image_0090.png

92 -0.04328342157004078 0.7064756266729812 0.7012201919635476 0.08549255357523397 -0.05419733262069473 -0.4361702645755384 0.3976301082952992 1 image_0091.png

93 -0.036077732395464496 0.7071491986292776 0.7020235717449608 0.0761663496408978 -0.05274518142467921 -0.4374686734686976 0.40641356262773554 1 image_0092.png

94 -0.02926760499743489 0.7076706546069931 0.7027952435300138 0.06651689693162953 -0.05119226614147148 -0.4390387610855997 0.4147909428017705 1 image_0093.png

95 -0.022991593636832054 0.7079676510508535 0.7036047083516023 0.056511999372101746 -0.049450099892087734 -0.44088454468097454 0.4227498746379851 1 image_0094.png

96 -0.017292665273436956 0.7080683018410462 0.7044160629901056 0.046241257089286995 -0.047573790016476256 -0.44312697476497176 0.43030212904167325 1 image_0095.png

97 -0.01213665129776935 0.707975986284584 0.705228742661535 0.035708893341537096 -0.04561545325142129 -0.44572844205255613 0.43741877891414765 1 image_0096.png

98 -0.0074662764941478 0.7076905060709084 0.7060421197598845 0.024958514727106647 -0.04367041553469225 -0.4486988157880542 0.44407661347673255 1 image_0097.png

99 -0.0034697790566413493 0.7072109966666528 0.7068554174331526 0.013999488292829187 -0.04164128406497407 -0.45210031841192744 0.4502754937404364 1 image_0098.png

100 -1.5023087660579794e-06 0.7065393914386184 0.7076680641680392 0.0028283033694376184 -0.03965592100738758 -0.4558272043635464 0.4560375902062534 1 image_0099.png

